/home/altay/thesis/data/deepscenario_demo/orb_kitti_GX010061_debug/image_0/000000.png 1.000000000 0.000000000 0.000000000 0.000000000 0.000000000 1.000000000 0.000000000 0.000000000 0.000000000 0.000000000 1.000000000 0.000000000
/home/altay/thesis/data/deepscenario_demo/orb_kitti_GX010061_debug/image_0/000001.png 1.000000000 0.000082807 0.000145994 0.000796524 -0.000082766 0.999999940 -0.000278224 0.002161626 -0.000146017 0.000278212 0.999999940 0.010693775
/home/altay/thesis/data/deepscenario_demo/orb_kitti_GX010061_debug/image_0/000002.png 0.999999940 0.000089636 -0.000385663 0.001728503 -0.000089808 0.999999881 -0.000446629 0.004204253 0.000385623 0.000446663 0.999999821 0.020423274
/home/altay/thesis/data/deepscenario_demo/orb_kitti_GX010061_debug/image_0/000003.png 0.999999702 0.000070545 -0.000792522 0.002816889 -0.000071155 0.999999702 -0.000769618 0.006378999 0.000792467 0.000769674 0.999999404 0.030690243
/home/altay/thesis/data/deepscenario_demo/orb_kitti_GX010061_debug/image_0/000004.png 1.000000000 -0.000154616 -0.000036484 0.003026852 0.000154605 0.999999940 -0.000312786 0.008143209 0.000036532 0.000312781 0.999999940 0.040450543
/home/altay/thesis/data/deepscenario_demo/orb_kitti_GX010061_debug/image_0/000006.png 0.999999821 -0.000255365 -0.000502712 0.004713546 0.000255051 0.999999762 -0.000625093 0.012145868 0.000502871 0.000624965 0.999999702 0.060115661
/home/altay/thesis/data/deepscenario_demo/orb_kitti_GX010061_debug/image_0/000007.png 0.999999881 -0.000355295 -0.000345703 0.005422247 0.000355083 0.999999762 -0.000614933 0.014179229 0.000345922 0.000614810 0.999999762 0.070130341
/home/altay/thesis/data/deepscenario_demo/orb_kitti_GX010061_debug/image_0/000009.png 0.999999881 -0.000206182 -0.000426604 0.006775460 0.000205877 0.999999702 -0.000715717 0.018129401 0.000426751 0.000715629 0.999999642 0.089726292
/home/altay/thesis/data/deepscenario_demo/orb_kitti_GX010061_debug/image_0/000010.png 0.999999702 -0.000432913 -0.000666469 0.007709899 0.000432473 0.999999702 -0.000660816 0.020188585 0.000666754 0.000660527 0.999999583 0.099832058
/home/altay/thesis/data/deepscenario_demo/orb_kitti_GX010061_debug/image_0/000011.png 0.999999464 -0.000164870 -0.001020858 0.008345318 0.000164389 0.999999881 -0.000471161 0.022066049 0.001020936 0.000470993 0.999999344 0.109446831
/home/altay/thesis/data/deepscenario_demo/orb_kitti_GX010061_debug/image_0/000012.png 0.999999106 -0.000559684 -0.001209108 0.009184275 0.000559079 0.999999702 -0.000500503 0.024034388 0.001209388 0.000499827 0.999999166 0.119364344
/home/altay/thesis/data/deepscenario_demo/orb_kitti_GX010061_debug/image_0/000013.png 0.999999285 -0.000281354 -0.001183739 0.009732532 0.000280550 0.999999702 -0.000679295 0.026048608 0.001183930 0.000678963 0.999999046 0.129131794
/home/altay/thesis/data/deepscenario_demo/orb_kitti_GX010061_debug/image_0/000014.png 0.999999046 -0.000557461 -0.001244118 0.010451957 0.000556882 0.999999762 -0.000465947 0.027887477 0.001244377 0.000465254 0.999999106 0.138826847
/home/altay/thesis/data/deepscenario_demo/orb_kitti_GX010061_debug/image_0/000015.png 0.999998808 -0.000542277 -0.001426375 0.011285741 0.000541494 0.999999702 -0.000549482 0.029850066 0.001426672 0.000548709 0.999998808 0.148716167
/home/altay/thesis/data/deepscenario_demo/orb_kitti_GX010061_debug/image_0/000016.png 0.999997914 -0.000663269 -0.001926592 0.012198258 0.000661583 0.999999404 -0.000875596 0.031816792 0.001927172 0.000874319 0.999997735 0.158489242
/home/altay/thesis/data/deepscenario_demo/orb_kitti_GX010061_debug/image_0/000017.png 0.999997318 -0.000723491 -0.002190576 0.012827472 0.000722343 0.999999583 -0.000524887 0.033610113 0.002190955 0.000523303 0.999997437 0.167991281
/home/altay/thesis/data/deepscenario_demo/orb_kitti_GX010061_debug/image_0/000018.png 0.999997556 -0.000626114 -0.002120357 0.013487042 0.000625276 0.999999702 -0.000395754 0.035442729 0.002120604 0.000394427 0.999997675 0.177677110
/home/altay/thesis/data/deepscenario_demo/orb_kitti_GX010061_debug/image_0/000019.png 0.999997377 -0.000484517 -0.002226523 0.014128832 0.000483194 0.999999702 -0.000594748 0.037428603 0.002226811 0.000593670 0.999997318 0.187308922
/home/altay/thesis/data/deepscenario_demo/orb_kitti_GX010061_debug/image_0/000020.png 0.999996901 -0.000681042 -0.002400748 0.014818454 0.000679477 0.999999583 -0.000652554 0.039344706 0.002401191 0.000650920 0.999996901 0.196917996
/home/altay/thesis/data/deepscenario_demo/orb_kitti_GX010061_debug/image_0/000021.png 0.999996305 -0.000861664 -0.002579895 0.015506686 0.000860105 0.999999464 -0.000605257 0.041218638 0.002580415 0.000603036 0.999996483 0.206453115
/home/altay/thesis/data/deepscenario_demo/orb_kitti_GX010061_debug/image_0/000022.png 0.999995053 -0.001032849 -0.002963988 0.016407304 0.001030897 0.999999225 -0.000660059 0.043125857 0.002964668 0.000657000 0.999995410 0.216191098
/home/altay/thesis/data/deepscenario_demo/orb_kitti_GX010061_debug/image_0/000023.png 0.999994457 -0.000991221 -0.003174279 0.017128678 0.000988509 0.999999166 -0.000855843 0.045100719 0.003175124 0.000852700 0.999994576 0.225814909
/home/altay/thesis/data/deepscenario_demo/orb_kitti_GX010061_debug/image_0/000025.png 0.999992549 -0.001081417 -0.003708887 0.018551840 0.001080072 0.999999344 -0.000364635 0.048776787 0.003709279 0.000360627 0.999993026 0.244934037
/home/altay/thesis/data/deepscenario_demo/orb_kitti_GX010061_debug/image_0/000026.png 0.999991715 -0.000332872 -0.004061657 0.019246891 0.000328207 0.999999285 -0.001149165 0.050847214 0.004062037 0.001147823 0.999991119 0.254824132
/home/altay/thesis/data/deepscenario_demo/orb_kitti_GX010061_debug/image_0/000027.png 0.999991715 -0.000091592 -0.004069516 0.019925788 0.000086679 0.999999285 -0.001207490 0.052723195 0.004069624 0.001207127 0.999991000 0.264201522
/home/altay/thesis/data/deepscenario_demo/orb_kitti_GX010061_debug/image_0/000028.png 0.999989688 -0.000487938 -0.004514352 0.020702677 0.000484891 0.999999642 -0.000676033 0.054506253 0.004514680 0.000673837 0.999989569 0.273924768
/home/altay/thesis/data/deepscenario_demo/orb_kitti_GX010061_debug/image_0/000029.png 0.999988854 -0.000386549 -0.004699899 0.021190334 0.000382417 0.999999523 -0.000880010 0.056411188 0.004700237 0.000878203 0.999988556 0.283468246
/home/altay/thesis/data/deepscenario_demo/orb_kitti_GX010061_debug/image_0/000030.png 0.999984026 -0.000791692 -0.005600212 0.022034105 0.000789023 0.999999583 -0.000478699 0.058244128 0.005600589 0.000474272 0.999984205 0.292786241
