/home/altay/thesis/data/deepscenario_demo/orb_kitti_GX010061/image_0/000000.png 1.000000000 0.000000000 0.000000000 0.000000000 0.000000000 1.000000000 0.000000000 0.000000000 0.000000000 0.000000000 1.000000000 0.000000000
/home/altay/thesis/data/deepscenario_demo/orb_kitti_GX010061/image_0/000001.png 0.999999821 0.000191716 0.000517401 0.000202742 -0.000191591 0.999999940 -0.000241721 0.000713445 -0.000517447 0.000241622 0.999999821 0.003561780
/home/altay/thesis/data/deepscenario_demo/orb_kitti_GX010061/image_0/000002.png 0.999999940 0.000302396 0.000282991 0.000468938 -0.000302233 0.999999762 -0.000576267 0.001407265 -0.000283165 0.000576182 0.999999821 0.006784937
/home/altay/thesis/data/deepscenario_demo/orb_kitti_GX010061/image_0/000003.png 1.000000000 0.000176047 0.000063185 0.000806060 -0.000175997 0.999999642 -0.000800789 0.002108457 -0.000063326 0.000800778 0.999999702 0.010209650
/home/altay/thesis/data/deepscenario_demo/orb_kitti_GX010061/image_0/000004.png 0.999999762 -0.000085064 0.000715753 0.000942436 0.000085331 0.999999940 -0.000373792 0.002701104 -0.000715721 0.000373853 0.999999702 0.013494093
/home/altay/thesis/data/deepscenario_demo/orb_kitti_GX010061/image_0/000006.png 0.999999821 0.000005511 0.000582072 0.001436902 -0.000005232 0.999999881 -0.000479444 0.004028234 -0.000582075 0.000479441 0.999999702 0.020061070
/home/altay/thesis/data/deepscenario_demo/orb_kitti_GX010061/image_0/000007.png 0.999999762 -0.000056892 0.000648650 0.001695704 0.000057187 0.999999881 -0.000454964 0.004700406 -0.000648624 0.000455001 0.999999702 0.023417782
/home/altay/thesis/data/deepscenario_demo/orb_kitti_GX010061/image_0/000008.png 0.999999821 0.000337208 0.000467876 0.001992499 -0.000336794 0.999999523 -0.000884624 0.005423767 -0.000468174 0.000884466 0.999999523 0.026759956
/home/altay/thesis/data/deepscenario_demo/orb_kitti_GX010061/image_0/000009.png 0.999999762 0.000265472 0.000609523 0.002193528 -0.000265009 0.999999702 -0.000758821 0.006059548 -0.000609724 0.000758659 0.999999523 0.030048629
/home/altay/thesis/data/deepscenario_demo/orb_kitti_GX010061/image_0/000010.png 0.999999583 0.000032766 0.000909359 0.002387173 -0.000032225 0.999999821 -0.000594959 0.006723340 -0.000909378 0.000594929 0.999999404 0.033351935
/home/altay/thesis/data/deepscenario_demo/orb_kitti_GX010061/image_0/000011.png 0.999999762 0.000117611 0.000637879 0.002645064 -0.000117231 0.999999821 -0.000596465 0.007384457 -0.000637949 0.000596391 0.999999642 0.036620639
/home/altay/thesis/data/deepscenario_demo/orb_kitti_GX010061/image_0/000012.png 0.999999881 -0.000041681 0.000509004 0.002893715 0.000042033 0.999999762 -0.000690568 0.008051421 -0.000508975 0.000690589 0.999999642 0.039936282
/home/altay/thesis/data/deepscenario_demo/orb_kitti_GX010061/image_0/000013.png 0.999999583 0.000044711 0.000883701 0.003070458 -0.000044171 0.999999821 -0.000611629 0.008693313 -0.000883729 0.000611589 0.999999404 0.043195847
/home/altay/thesis/data/deepscenario_demo/orb_kitti_GX010061/image_0/000014.png 0.999999881 -0.000334433 0.000359361 0.003365332 0.000334689 0.999999702 -0.000711837 0.009335835 -0.000359123 0.000711958 0.999999702 0.046451733
/home/altay/thesis/data/deepscenario_demo/orb_kitti_GX010061/image_0/000015.png 0.999999821 -0.000341092 0.000541591 0.003601362 0.000341363 0.999999821 -0.000499489 0.009969850 -0.000541421 0.000499674 0.999999702 0.049773164
/home/altay/thesis/data/deepscenario_demo/orb_kitti_GX010061/image_0/000016.png 0.999999940 -0.000210160 0.000350150 0.003837327 0.000210312 0.999999881 -0.000435498 0.010594501 -0.000350058 0.000435572 0.999999821 0.053018454
/home/altay/thesis/data/deepscenario_demo/orb_kitti_GX010061/image_0/000017.png 0.999999940 -0.000209166 0.000175113 0.004118020 0.000209237 0.999999881 -0.000402580 0.011246266 -0.000175029 0.000402616 0.999999881 0.056304734
/home/altay/thesis/data/deepscenario_demo/orb_kitti_GX010061/image_0/000018.png 0.999999940 -0.000143320 0.000366690 0.004315915 0.000143443 0.999999940 -0.000337154 0.011868969 -0.000366641 0.000337207 0.999999881 0.059555855
/home/altay/thesis/data/deepscenario_demo/orb_kitti_GX010061/image_0/000019.png 0.999999940 -0.000269964 0.000077552 0.004585195 0.000269981 0.999999940 -0.000218482 0.012503150 -0.000077493 0.000218502 1.000000000 0.062840976
/home/altay/thesis/data/deepscenario_demo/orb_kitti_GX010061/image_0/000020.png 0.999999940 -0.000262671 0.000162823 0.004780419 0.000262723 0.999999940 -0.000317884 0.013148388 -0.000162739 0.000317927 0.999999940 0.066033952
/home/altay/thesis/data/deepscenario_demo/orb_kitti_GX010061/image_0/000021.png 0.999999940 -0.000323864 0.000161780 0.005014970 0.000323969 0.999999762 -0.000649174 0.013804447 -0.000161569 0.000649226 0.999999762 0.069240913
/home/altay/thesis/data/deepscenario_demo/orb_kitti_GX010061/image_0/000023.png 0.999999881 -0.000191528 0.000394800 0.005464563 0.000191807 0.999999702 -0.000707172 0.015118361 -0.000394664 0.000707248 0.999999642 0.075779401
/home/altay/thesis/data/deepscenario_demo/orb_kitti_GX010061/image_0/000024.png 0.999999940 -0.000105178 -0.000222152 0.005802215 0.000105060 0.999999881 -0.000530921 0.015734563 0.000222208 0.000530897 0.999999821 0.079036191
/home/altay/thesis/data/deepscenario_demo/orb_kitti_GX010061/image_0/000026.png 0.999999881 0.000488975 0.000089146 0.006234586 -0.000488901 0.999999523 -0.000836734 0.017029004 -0.000089555 0.000836690 0.999999642 0.085597858
/home/altay/thesis/data/deepscenario_demo/orb_kitti_GX010061/image_0/000028.png 1.000000000 0.000211951 -0.000096781 0.006690421 -0.000212031 0.999999642 -0.000835018 0.018340576 0.000096604 0.000835039 0.999999642 0.092070498
/home/altay/thesis/data/deepscenario_demo/orb_kitti_GX010061/image_0/000029.png 0.999999702 0.000445803 -0.000635941 0.006972166 -0.000446183 0.999999702 -0.000598313 0.018941918 0.000635674 0.000598596 0.999999642 0.095338367
/home/altay/thesis/data/deepscenario_demo/orb_kitti_GX010061/image_0/000030.png 0.999999642 0.000324490 -0.000812870 0.007215855 -0.000325115 0.999999642 -0.000769101 0.019593108 0.000812620 0.000769365 0.999999344 0.098562814
/home/altay/thesis/data/deepscenario_demo/orb_kitti_GX010061/image_0/000031.png 0.999999821 0.000463814 -0.000335711 0.007396894 -0.000464054 0.999999642 -0.000713510 0.020181773 0.000335380 0.000713666 0.999999702 0.101685129
/home/altay/thesis/data/deepscenario_demo/orb_kitti_GX010061/image_0/000034.png 0.999999583 0.000474468 -0.000770269 0.008071802 -0.000474891 0.999999762 -0.000548813 0.022030300 0.000770008 0.000549179 0.999999523 0.111337818
/home/altay/thesis/data/deepscenario_demo/orb_kitti_GX010061/image_0/000035.png 0.999999106 0.000178560 -0.001337482 0.008359092 -0.000179922 0.999999464 -0.001017967 0.022693580 0.001337300 0.001018207 0.999998569 0.114516973
/home/altay/thesis/data/deepscenario_demo/orb_kitti_GX010061/image_0/000036.png 0.999998808 0.000574830 -0.001432384 0.008572873 -0.000575828 0.999999583 -0.000696500 0.023288311 0.001431984 0.000697324 0.999998748 0.117711358
/home/altay/thesis/data/deepscenario_demo/orb_kitti_GX010061/image_0/000038.png 0.999998569 0.000458957 -0.001634486 0.009051960 -0.000459918 0.999999702 -0.000587314 0.024523808 0.001634216 0.000588065 0.999998510 0.124110185
/home/altay/thesis/data/deepscenario_demo/orb_kitti_GX010061/image_0/000039.png 0.999998927 0.001216632 -0.000798382 0.009147367 -0.001217304 0.999998927 -0.000841384 0.025192065 0.000797357 0.000842355 0.999999344 0.127298772
/home/altay/thesis/data/deepscenario_demo/orb_kitti_GX010061/image_0/000040.png 0.999999404 0.000622291 -0.000923834 0.009335272 -0.000622869 0.999999583 -0.000625619 0.025775783 0.000923444 0.000626194 0.999999404 0.130504593
/home/altay/thesis/data/deepscenario_demo/orb_kitti_GX010061/image_0/000041.png 0.999998271 0.000467714 -0.001812046 0.009591178 -0.000469031 0.999999642 -0.000726485 0.026377581 0.001811705 0.000727333 0.999998093 0.133573771
/home/altay/thesis/data/deepscenario_demo/orb_kitti_GX010061/image_0/000042.png 0.999998331 0.000883556 -0.001583072 0.009771371 -0.000884526 0.999999404 -0.000611965 0.027012596 0.001582530 0.000613364 0.999998569 0.136778504
/home/altay/thesis/data/deepscenario_demo/orb_kitti_GX010061/image_0/000043.png 0.999997675 0.001192742 -0.001796315 0.009960758 -0.001193964 0.999999046 -0.000679174 0.027634116 0.001795503 0.000681317 0.999998152 0.139916688
/home/altay/thesis/data/deepscenario_demo/orb_kitti_GX010061/image_0/000044.png 0.999998093 0.000924227 -0.001732088 0.010121228 -0.000925167 0.999999404 -0.000542028 0.028205225 0.001731586 0.000543629 0.999998331 0.143018380
/home/altay/thesis/data/deepscenario_demo/orb_kitti_GX010061/image_0/000045.png 0.999997497 0.001266460 -0.001853349 0.010323755 -0.001268274 0.999998689 -0.000978000 0.028870376 0.001852108 0.000980348 0.999997795 0.146190137
/home/altay/thesis/data/deepscenario_demo/orb_kitti_GX010061/image_0/000046.png 0.999998033 0.000670467 -0.001869734 0.010580479 -0.000671529 0.999999642 -0.000567203 0.029425684 0.001869353 0.000568457 0.999998093 0.149431273
/home/altay/thesis/data/deepscenario_demo/orb_kitti_GX010061/image_0/000047.png 0.999997973 0.001326057 -0.001525782 0.010730840 -0.001327357 0.999998748 -0.000851490 0.030059434 0.001524651 0.000853513 0.999998450 0.152558461
/home/altay/thesis/data/deepscenario_demo/orb_kitti_GX010061/image_0/000048.png 0.999997377 0.001380035 -0.001834202 0.010921542 -0.001381514 0.999998748 -0.000805446 0.030652583 0.001833088 0.000807977 0.999997973 0.155744106
/home/altay/thesis/data/deepscenario_demo/orb_kitti_GX010061/image_0/000049.png 0.999995947 0.001559598 -0.002386812 0.011150324 -0.001560785 0.999998689 -0.000495828 0.031243490 0.002386036 0.000499551 0.999997020 0.158827901
/home/altay/thesis/data/deepscenario_demo/orb_kitti_GX010061/image_0/000050.png 0.999994934 0.001749036 -0.002663181 0.011417898 -0.001751444 0.999998033 -0.000902013 0.031883035 0.002661599 0.000906673 0.999996066 0.162038282
/home/altay/thesis/data/deepscenario_demo/orb_kitti_GX010061/image_0/000051.png 0.999993980 0.002318209 -0.002585623 0.011477515 -0.002320586 0.999996901 -0.000916854 0.032496653 0.002583490 0.000922849 0.999996245 0.165150642
/home/altay/thesis/data/deepscenario_demo/orb_kitti_GX010061/image_0/000052.png 0.999995053 0.001887571 -0.002527948 0.011720578 -0.001889536 0.999997914 -0.000774996 0.033105154 0.002526480 0.000779769 0.999996483 0.168390080
/home/altay/thesis/data/deepscenario_demo/orb_kitti_GX010061/image_0/000053.png 0.999993265 0.001699373 -0.003249280 0.011968504 -0.001701760 0.999998271 -0.000732065 0.033706233 0.003248030 0.000737589 0.999994457 0.171486229
/home/altay/thesis/data/deepscenario_demo/orb_kitti_GX010061/image_0/000055.png 0.999990642 0.001917889 -0.003882692 0.012404212 -0.001921924 0.999997616 -0.001035710 0.034941748 0.003880696 0.001043162 0.999991953 0.177864820
/home/altay/thesis/data/deepscenario_demo/orb_kitti_GX010061/image_0/000057.png 0.999991298 0.002115709 -0.003595380 0.012704103 -0.002119160 0.999997318 -0.000956167 0.036132596 0.003593348 0.000963777 0.999993086 0.184040695
/home/altay/thesis/data/deepscenario_demo/orb_kitti_GX010061/image_0/000058.png 0.999991059 0.002004640 -0.003731244 0.012834073 -0.002009118 0.999997258 -0.001196623 0.036754824 0.003728835 0.001204108 0.999992311 0.187142730
/home/altay/thesis/data/deepscenario_demo/orb_kitti_GX010061/image_0/000059.png 0.999987662 0.002066764 -0.004511944 0.013138154 -0.002072671 0.999997020 -0.001304899 0.037432924 0.004509234 0.001314235 0.999988973 0.190408677
/home/altay/thesis/data/deepscenario_demo/orb_kitti_GX010061/image_0/000060.png 0.999988496 0.002390669 -0.004160398 0.013203578 -0.002397091 0.999995947 -0.001539389 0.037971005 0.004156701 0.001549344 0.999990165 0.193222061
/home/altay/thesis/data/deepscenario_demo/orb_kitti_GX010061/image_0/000062.png 0.999986410 0.002403814 -0.004628738 0.013681437 -0.002411485 0.999995708 -0.001652259 0.039160963 0.004624747 0.001663399 0.999987900 0.199549779
/home/altay/thesis/data/deepscenario_demo/orb_kitti_GX010061/image_0/000063.png 0.999986410 0.002112372 -0.004771265 0.013815789 -0.002119577 0.999996603 -0.001505525 0.039762806 0.004768069 0.001515618 0.999987483 0.202662602
/home/altay/thesis/data/deepscenario_demo/orb_kitti_GX010061/image_0/000065.png 0.999983728 0.002804308 -0.004965146 0.014240919 -0.002812986 0.999994516 -0.001741713 0.040961459 0.004960234 0.001755651 0.999986172 0.208932981
/home/altay/thesis/data/deepscenario_demo/orb_kitti_GX010061/image_0/000066.png 0.999982774 0.002581371 -0.005267519 0.014495320 -0.002590540 0.999995112 -0.001734585 0.041537791 0.005263016 0.001748201 0.999984622 0.212023735
/home/altay/thesis/data/deepscenario_demo/orb_kitti_GX010061/image_0/000067.png 0.999985158 0.002765297 -0.004695977 0.014485765 -0.002773700 0.999994576 -0.001783795 0.042083543 0.004691019 0.001796794 0.999987364 0.214974150
/home/altay/thesis/data/deepscenario_demo/orb_kitti_GX010061/image_0/000068.png 0.999982655 0.002608374 -0.005286163 0.014754082 -0.002614728 0.999995887 -0.001195380 0.042611353 0.005283023 0.001209181 0.999985337 0.217983797
/home/altay/thesis/data/deepscenario_demo/orb_kitti_GX010061/image_0/000070.png 0.999979079 0.002605715 -0.005918210 0.015107015 -0.002618307 0.999994338 -0.002120971 0.043836117 0.005912649 0.002136422 0.999980211 0.224104807
/home/altay/thesis/data/deepscenario_demo/orb_kitti_GX010061/image_0/000071.png 0.999982595 0.002710603 -0.005240352 0.015197289 -0.002720803 0.999994397 -0.001940265 0.044418324 0.005235063 0.001954489 0.999984384 0.227109849
/home/altay/thesis/data/deepscenario_demo/orb_kitti_GX010061/image_0/000072.png 0.999981463 0.002780462 -0.005413103 0.015311943 -0.002790550 0.999994397 -0.001856927 0.044953287 0.005407909 0.001871998 0.999983609 0.229975715
/home/altay/thesis/data/deepscenario_demo/orb_kitti_GX010061/image_0/000074.png 0.999980688 0.002788420 -0.005552760 0.015713291 -0.002799948 0.999993920 -0.002069312 0.046118546 0.005546956 0.002084820 0.999982417 0.236088827
/home/altay/thesis/data/deepscenario_demo/orb_kitti_GX010061/image_0/000075.png 0.999978900 0.003399647 -0.005535251 0.015771931 -0.003410703 0.999992192 -0.001989059 0.046675239 0.005528446 0.002007896 0.999982715 0.238980621
/home/altay/thesis/data/deepscenario_demo/orb_kitti_GX010061/image_0/000077.png 0.999981344 0.002698503 -0.005479577 0.016161295 -0.002707356 0.999995053 -0.001608768 0.047782805 0.005475208 0.001623573 0.999983668 0.245118424
/home/altay/thesis/data/deepscenario_demo/orb_kitti_GX010061/image_0/000078.png 0.999979973 0.002795334 -0.005675658 0.016370552 -0.002805157 0.999994576 -0.001723467 0.048343163 0.005670810 0.001739354 0.999982417 0.248087585
/home/altay/thesis/data/deepscenario_demo/orb_kitti_GX010061/image_0/000080.png 0.999977410 0.003070435 -0.005974818 0.016726570 -0.003083834 0.999992728 -0.002234700 0.049494423 0.005967913 0.002253075 0.999979675 0.253870994
/home/altay/thesis/data/deepscenario_demo/orb_kitti_GX010061/image_0/000081.png 0.999980450 0.002710098 -0.005632224 0.016913053 -0.002721244 0.999994338 -0.001972262 0.049974751 0.005626848 0.001987550 0.999982178 0.256688625
/home/altay/thesis/data/deepscenario_demo/orb_kitti_GX010061/image_0/000082.png 0.999976933 0.002766447 -0.006199648 0.017112415 -0.002777431 0.999994576 -0.001763800 0.050520066 0.006194734 0.001780978 0.999979198 0.259692550
/home/altay/thesis/data/deepscenario_demo/orb_kitti_GX010061/image_0/000085.png 0.999976218 0.002790208 -0.006302382 0.017653482 -0.002801633 0.999994457 -0.001804643 0.052177954 0.006297312 0.001822257 0.999978483 0.268430918
/home/altay/thesis/data/deepscenario_demo/orb_kitti_GX010061/image_0/000087.png 0.999971867 0.003303475 -0.006735570 0.017948918 -0.003319933 0.999991536 -0.002433746 0.053331748 0.006727473 0.002456039 0.999974370 0.274273038
/home/altay/thesis/data/deepscenario_demo/orb_kitti_GX010061/image_0/000089.png 0.999973238 0.003827400 -0.006239097 0.018265229 -0.003840620 0.999990404 -0.002108359 0.054384261 0.006230968 0.002132264 0.999978304 0.280098885
/home/altay/thesis/data/deepscenario_demo/orb_kitti_GX010061/image_0/000091.png 0.999979973 0.003119570 -0.005506829 0.018516846 -0.003132310 0.999992430 -0.002306454 0.055460230 0.005499593 0.002323657 0.999982178 0.285748482
/home/altay/thesis/data/deepscenario_demo/orb_kitti_GX010061/image_0/000092.png 0.999972820 0.003489673 -0.006495551 0.018873591 -0.003503596 0.999991596 -0.002133299 0.056060832 0.006488052 0.002155999 0.999976635 0.288788080
/home/altay/thesis/data/deepscenario_demo/orb_kitti_GX010061/image_0/000094.png 0.999979913 0.003533660 -0.005261814 0.018914970 -0.003547673 0.999990165 -0.002656039 0.057139892 0.005252376 0.002674652 0.999982655 0.294138223
/home/altay/thesis/data/deepscenario_demo/orb_kitti_GX010061/image_0/000096.png 0.999975145 0.003456429 -0.006140434 0.019508943 -0.003471927 0.999990821 -0.002514966 0.058272205 0.006131685 0.002536223 0.999978006 0.300156265
/home/altay/thesis/data/deepscenario_demo/orb_kitti_GX010061/image_0/000098.png 0.999972641 0.003535646 -0.006496191 0.019944359 -0.003553575 0.999989927 -0.002750366 0.059376828 0.006486401 0.002773376 0.999975145 0.305840969
/home/altay/thesis/data/deepscenario_demo/orb_kitti_GX010061/image_0/000100.png 0.999976516 0.002805166 -0.006251060 0.020306803 -0.002821201 0.999992728 -0.002557891 0.060342379 0.006243839 0.002575466 0.999977171 0.311380565
/home/altay/thesis/data/deepscenario_demo/orb_kitti_GX010061/image_0/000102.png 0.999978542 0.003119312 -0.005759126 0.020614753 -0.003133603 0.999992013 -0.002474041 0.061410774 0.005751363 0.002492035 0.999980330 0.316952705
/home/altay/thesis/data/deepscenario_demo/orb_kitti_GX010061/image_0/000104.png 0.999976277 0.003635728 -0.005854801 0.020991564 -0.003651244 0.999989867 -0.002641659 0.062502496 0.005845137 0.002662973 0.999979377 0.322475731
/home/altay/thesis/data/deepscenario_demo/orb_kitti_GX010061/image_0/000105.png 0.999974906 0.003510530 -0.006151039 0.021206023 -0.003526242 0.999990523 -0.002545360 0.062991545 0.006142045 0.002566987 0.999977827 0.325139910
/home/altay/thesis/data/deepscenario_demo/orb_kitti_GX010061/image_0/000106.png 0.999973834 0.003717386 -0.006207418 0.021363014 -0.003732483 0.999990106 -0.002422287 0.063505605 0.006198352 0.002445392 0.999977827 0.327823162
/home/altay/thesis/data/deepscenario_demo/orb_kitti_GX010061/image_0/000108.png 0.999977052 0.003307691 -0.005916743 0.021679649 -0.003323635 0.999990880 -0.002686884 0.064554244 0.005907801 0.002706487 0.999978900 0.333334804
/home/altay/thesis/data/deepscenario_demo/orb_kitti_GX010061/image_0/000109.png 0.999973238 0.003493593 -0.006428514 0.021968650 -0.003511744 0.999989867 -0.002814370 0.065082267 0.006418617 0.002836870 0.999975383 0.335919082
/home/altay/thesis/data/deepscenario_demo/orb_kitti_GX010061/image_0/000111.png 0.999981701 0.003241505 -0.005107825 0.022152133 -0.003253517 0.999991953 -0.002345028 0.066040084 0.005100182 0.002361604 0.999984205 0.341253281
/home/altay/thesis/data/deepscenario_demo/orb_kitti_GX010061/image_0/000113.png 0.999974906 0.004058511 -0.005803200 0.022642495 -0.004073574 0.999988377 -0.002586214 0.067080237 0.005792637 0.002609789 0.999979794 0.346672058
/home/altay/thesis/data/deepscenario_demo/orb_kitti_GX010061/image_0/000114.png 0.999970734 0.003803775 -0.006639992 0.022995584 -0.003822969 0.999988556 -0.002880300 0.067591801 0.006628960 0.002905600 0.999973834 0.349283457
/home/altay/thesis/data/deepscenario_demo/orb_kitti_GX010061/image_0/000116.png 0.999974787 0.003282252 -0.006295549 0.023354184 -0.003298419 0.999991298 -0.002559394 0.068524621 0.006287093 0.002580095 0.999976933 0.354477555
/home/altay/thesis/data/deepscenario_demo/orb_kitti_GX010061/image_0/000118.png 0.999975979 0.003315204 -0.006089268 0.023756698 -0.003336004 0.999988616 -0.003408808 0.069566600 0.006077898 0.003429040 0.999975622 0.359567016
/home/altay/thesis/data/deepscenario_demo/orb_kitti_GX010061/image_0/000120.png 0.999978602 0.003053124 -0.005789812 0.024053896 -0.003068844 0.999991596 -0.002708087 0.070446871 0.005781495 0.002725797 0.999979556 0.364644587
/home/altay/thesis/data/deepscenario_demo/orb_kitti_GX010061/image_0/000122.png 0.999979913 0.002824559 -0.005673120 0.024411887 -0.002840191 0.999992192 -0.002749225 0.071398966 0.005665311 0.002765283 0.999980152 0.369753003
/home/altay/thesis/data/deepscenario_demo/orb_kitti_GX010061/image_0/000124.png 0.999979734 0.002555612 -0.005827985 0.024816900 -0.002570769 0.999993324 -0.002594707 0.072295532 0.005821315 0.002609637 0.999979675 0.374684125
/home/altay/thesis/data/deepscenario_demo/orb_kitti_GX010061/image_0/000126.png 0.999982238 0.003398770 -0.004902179 0.024888197 -0.003412758 0.999990106 -0.002848078 0.073224068 0.004892451 0.002864758 0.999983907 0.379218519
/home/altay/thesis/data/deepscenario_demo/orb_kitti_GX010061/image_0/000128.png 0.999976158 0.003114637 -0.006166464 0.025435142 -0.003131124 0.999991536 -0.002665718 0.074108727 0.006158109 0.002684963 0.999977410 0.384141117
/home/altay/thesis/data/deepscenario_demo/orb_kitti_GX010061/image_0/000130.png 0.999978483 0.003295632 -0.005667345 0.025684847 -0.003310606 0.999991059 -0.002634750 0.075017050 0.005658611 0.002653455 0.999980450 0.388885617
/home/altay/thesis/data/deepscenario_demo/orb_kitti_GX010061/image_0/000132.png 0.999976814 0.003483885 -0.005852896 0.026055641 -0.003499472 0.999990344 -0.002654996 0.075959317 0.005843590 0.002675416 0.999979377 0.393637985
/home/altay/thesis/data/deepscenario_demo/orb_kitti_GX010061/image_0/000134.png 0.999976695 0.003091207 -0.006091686 0.026452690 -0.003106777 0.999991953 -0.002548217 0.076847479 0.006083760 0.002567083 0.999978185 0.398411840
/home/altay/thesis/data/deepscenario_demo/orb_kitti_GX010061/image_0/000136.png 0.999977589 0.004123616 -0.005277412 0.026556958 -0.004137120 0.999988198 -0.002550495 0.077723861 0.005266832 0.002572271 0.999982834 0.402832329
/home/altay/thesis/data/deepscenario_demo/orb_kitti_GX010061/image_0/000137.png 0.999974549 0.004676844 -0.005383490 0.026755406 -0.004690751 0.999985695 -0.002573560 0.078204617 0.005371376 0.002598747 0.999982178 0.405238003
/home/altay/thesis/data/deepscenario_demo/orb_kitti_GX010061/image_0/000139.png 0.999974191 0.004127457 -0.005880333 0.027180467 -0.004141426 0.999988616 -0.002365430 0.079038799 0.005870503 0.002389722 0.999979913 0.409897119
/home/altay/thesis/data/deepscenario_demo/orb_kitti_GX010061/image_0/000141.png 0.999971867 0.004190078 -0.006222962 0.027589118 -0.004205248 0.999988198 -0.002426541 0.079992488 0.006212722 0.002452641 0.999977708 0.414686620
/home/altay/thesis/data/deepscenario_demo/orb_kitti_GX010061/image_0/000143.png 0.999971509 0.005084746 -0.005574997 0.027844511 -0.005099860 0.999983370 -0.002700017 0.080907032 0.005561175 0.002728372 0.999980807 0.419289500
/home/altay/thesis/data/deepscenario_demo/orb_kitti_GX010061/image_0/000144.png 0.999968529 0.004485193 -0.006547417 0.028068244 -0.004502465 0.999986410 -0.002625689 0.081337638 0.006535552 0.002655086 0.999975145 0.421495885
/home/altay/thesis/data/deepscenario_demo/orb_kitti_GX010061/image_0/000146.png 0.999966621 0.005259389 -0.006254559 0.028292563 -0.005273808 0.999983490 -0.002291112 0.082148053 0.006242406 0.002324020 0.999977827 0.425947398
/home/altay/thesis/data/deepscenario_demo/orb_kitti_GX010061/image_0/000148.png 0.999964476 0.005630282 -0.006276597 0.028590973 -0.005643219 0.999981999 -0.002045384 0.083062626 0.006264968 0.002080732 0.999978185 0.430585176
/home/altay/thesis/data/deepscenario_demo/orb_kitti_GX010061/image_0/000150.png 0.999961436 0.005178181 -0.007089306 0.029009530 -0.005194425 0.999983907 -0.002274945 0.083915740 0.007077412 0.002311682 0.999972284 0.435032576
/home/altay/thesis/data/deepscenario_demo/orb_kitti_GX010061/image_0/000152.png 0.999955714 0.005583352 -0.007579288 0.029271299 -0.005596703 0.999982834 -0.001741424 0.084695704 0.007569434 0.001783766 0.999969780 0.439289689
/home/altay/thesis/data/deepscenario_demo/orb_kitti_GX010061/image_0/000154.png 0.999957979 0.005598832 -0.007256002 0.029561095 -0.005614334 0.999981999 -0.002117746 0.085593820 0.007244015 0.002158394 0.999971449 0.443765134
/home/altay/thesis/data/deepscenario_demo/orb_kitti_GX010061/image_0/000156.png 0.999965668 0.005456507 -0.006235645 0.029729342 -0.005465426 0.999984086 -0.001414092 0.086370125 0.006227829 0.001448124 0.999979556 0.448091060
/home/altay/thesis/data/deepscenario_demo/orb_kitti_GX010061/image_0/000158.png 0.999955773 0.006137157 -0.007123635 0.030117597 -0.006147079 0.999980152 -0.001371740 0.087247550 0.007115075 0.001415469 0.999973714 0.452590019
/home/altay/thesis/data/deepscenario_demo/orb_kitti_GX010061/image_0/000162.png 0.999944448 0.007454145 -0.007449954 0.030613830 -0.007461765 0.999971688 -0.000995562 0.088877738 0.007442322 0.001051096 0.999971747 0.461066306
/home/altay/thesis/data/deepscenario_demo/orb_kitti_GX010061/image_0/000164.png 0.999949336 0.007197012 -0.007040954 0.030795364 -0.007203528 0.999973655 -0.000900550 0.089649200 0.007034287 0.000951224 0.999974787 0.465195626
/home/altay/thesis/data/deepscenario_demo/orb_kitti_GX010061/image_0/000166.png 0.999941826 0.007628570 -0.007623603 0.031132188 -0.007633860 0.999970615 -0.000665071 0.090485588 0.007618306 0.000723230 0.999970734 0.469426841
/home/altay/thesis/data/deepscenario_demo/orb_kitti_GX010061/image_0/000168.png 0.999941170 0.007986509 -0.007341116 0.031304430 -0.007992328 0.999967754 -0.000763646 0.091301613 0.007334780 0.000822274 0.999972761 0.473494709
/home/altay/thesis/data/deepscenario_demo/orb_kitti_GX010061/image_0/000170.png 0.999943137 0.007752299 -0.007324510 0.031599529 -0.007756517 0.999969780 -0.000547567 0.092098393 0.007320043 0.000604348 0.999972999 0.477617592
/home/altay/thesis/data/deepscenario_demo/orb_kitti_GX010061/image_0/000172.png 0.999943078 0.007465760 -0.007620711 0.031857122 -0.007468797 0.999972045 -0.000370055 0.092883296 0.007617735 0.000426951 0.999970913 0.481736451
/home/altay/thesis/data/deepscenario_demo/orb_kitti_GX010061/image_0/000174.png 0.999944270 0.007749170 -0.007173225 0.032021191 -0.007750797 0.999969959 -0.000198985 0.093642376 0.007171467 0.000254572 0.999974251 0.485604525
/home/altay/thesis/data/deepscenario_demo/orb_kitti_GX010061/image_0/000176.png 0.999943137 0.007867143 -0.007201835 0.032283928 -0.007867436 0.999969065 -0.000012325 0.094400190 0.007201515 0.000068985 0.999974072 0.489595860
/home/altay/thesis/data/deepscenario_demo/orb_kitti_GX010061/image_0/000178.png 0.999943376 0.007372062 -0.007674192 0.032595683 -0.007374810 0.999972761 -0.000329792 0.095187135 0.007671552 0.000386369 0.999970496 0.493485034
/home/altay/thesis/data/deepscenario_demo/orb_kitti_GX010061/image_0/000181.png 0.999951780 0.007069281 -0.006815936 0.032924421 -0.007073047 0.999974847 -0.000528610 0.096281990 0.006812028 0.000576794 0.999976635 0.499332398
/home/altay/thesis/data/deepscenario_demo/orb_kitti_GX010061/image_0/000183.png 0.999955654 0.006622752 -0.006697289 0.033203747 -0.006627422 0.999977827 -0.000675400 0.097029150 0.006692667 0.000719756 0.999977350 0.503198564
/home/altay/thesis/data/deepscenario_demo/orb_kitti_GX010061/image_0/000185.png 0.999951482 0.006846051 -0.007083439 0.033430733 -0.006851290 0.999976277 -0.000715653 0.097778730 0.007078372 0.000764149 0.999974668 0.506960809
/home/altay/thesis/data/deepscenario_demo/orb_kitti_GX010061/image_0/000187.png 0.999950707 0.006959418 -0.007079390 0.033717860 -0.006963287 0.999975622 -0.000521940 0.098518737 0.007075585 0.000571211 0.999974787 0.510724485
/home/altay/thesis/data/deepscenario_demo/orb_kitti_GX010061/image_0/000189.png 0.999951541 0.007388018 -0.006504576 0.033875160 -0.007390710 0.999972641 -0.000389831 0.099220693 0.006501517 0.000437885 0.999978781 0.514404953
/home/altay/thesis/data/deepscenario_demo/orb_kitti_GX010061/image_0/000191.png 0.999947965 0.007481149 -0.006937228 0.034098357 -0.007485321 0.999971807 -0.000575562 0.099944197 0.006932727 0.000627459 0.999975801 0.517991662
/home/altay/thesis/data/deepscenario_demo/orb_kitti_GX010061/image_0/000193.png 0.999949574 0.006870766 -0.007325216 0.034381036 -0.006876412 0.999976099 -0.000745881 0.100689948 0.007319917 0.000796214 0.999972880 0.521736801
/home/altay/thesis/data/deepscenario_demo/orb_kitti_GX010061/image_0/000195.png 0.999948800 0.007164458 -0.007148518 0.034603532 -0.007170122 0.999974012 -0.000767010 0.101385899 0.007142837 0.000818226 0.999974132 0.525354207
/home/altay/thesis/data/deepscenario_demo/orb_kitti_GX010061/image_0/000197.png 0.999949098 0.007251740 -0.007013690 0.034776770 -0.007257923 0.999973297 -0.000856650 0.102090865 0.007007291 0.000907511 0.999975026 0.528894365
/home/altay/thesis/data/deepscenario_demo/orb_kitti_GX010061/image_0/000199.png 0.999948740 0.006940552 -0.007375131 0.035040535 -0.006945993 0.999975622 -0.000712436 0.102770030 0.007370006 0.000763627 0.999972522 0.532410502
/home/altay/thesis/data/deepscenario_demo/orb_kitti_GX010061/image_0/000201.png 0.999948621 0.007299877 -0.007036442 0.035261761 -0.007306903 0.999972820 -0.000973307 0.103495911 0.007029146 0.001024672 0.999974787 0.535963535
/home/altay/thesis/data/deepscenario_demo/orb_kitti_GX010061/image_0/000203.png 0.999950528 0.006990840 -0.007077757 0.035486285 -0.006994551 0.999975383 -0.000499636 0.104104996 0.007074090 0.000549117 0.999974847 0.539349377
/home/altay/thesis/data/deepscenario_demo/orb_kitti_GX010061/image_0/000206.png 0.999951124 0.006949860 -0.007030866 0.035757821 -0.006950805 0.999975860 -0.000110123 0.105029255 0.007029930 0.000158988 0.999975264 0.544370353
/home/altay/thesis/data/deepscenario_demo/orb_kitti_GX010061/image_0/000209.png 0.999949157 0.007027841 -0.007228780 0.036065795 -0.007028726 0.999975264 -0.000097088 0.106034137 0.007227920 0.000147892 0.999973893 0.549448967
/home/altay/thesis/data/deepscenario_demo/orb_kitti_GX010061/image_0/000211.png 0.999952555 0.006692074 -0.007082500 0.036247320 -0.006695354 0.999977469 -0.000439640 0.106705271 0.007079398 0.000487039 0.999974847 0.552692533
/home/altay/thesis/data/deepscenario_demo/orb_kitti_GX010061/image_0/000213.png 0.999948919 0.006511630 -0.007726874 0.036517229 -0.006511649 0.999978781 0.000022653 0.107308127 0.007726858 0.000027663 0.999970138 0.555985272
/home/altay/thesis/data/deepscenario_demo/orb_kitti_GX010061/image_0/000215.png 0.999947011 0.006431588 -0.008034532 0.036682829 -0.006427978 0.999979198 0.000475038 0.107866913 0.008037420 -0.000423367 0.999967635 0.559113204
/home/altay/thesis/data/deepscenario_demo/orb_kitti_GX010061/image_0/000217.png 0.999946535 0.006475573 -0.008062764 0.036817003 -0.006468308 0.999978662 0.000926856 0.108394206 0.008068594 -0.000874654 0.999967039 0.562165797
/home/altay/thesis/data/deepscenario_demo/orb_kitti_GX010061/image_0/000221.png 0.999944627 0.006860707 -0.007976980 0.037187830 -0.006854401 0.999976158 0.000817660 0.109660469 0.007982400 -0.000762938 0.999967873 0.568534076
/home/altay/thesis/data/deepscenario_demo/orb_kitti_GX010061/image_0/000223.png 0.999941885 0.006926600 -0.008261975 0.037375245 -0.006921109 0.999975801 0.000693020 0.110269025 0.008266576 -0.000635798 0.999965608 0.571536481
/home/altay/thesis/data/deepscenario_demo/orb_kitti_GX010061/image_0/000225.png 0.999941468 0.007015406 -0.008235979 0.037548017 -0.007007756 0.999974966 0.000957265 0.110837430 0.008242489 -0.000899493 0.999965608 0.574561954
/home/altay/thesis/data/deepscenario_demo/orb_kitti_GX010061/image_0/000229.png 0.999939978 0.006457786 -0.008853531 0.037967596 -0.006443244 0.999977827 0.001670062 0.112002827 0.008864120 -0.001612916 0.999959409 0.580607474
/home/altay/thesis/data/deepscenario_demo/orb_kitti_GX010061/image_0/000232.png 0.999941111 0.006233782 -0.008882496 0.038235504 -0.006221501 0.999979675 0.001409502 0.112909317 0.008891101 -0.001354157 0.999959528 0.585037947
/home/altay/thesis/data/deepscenario_demo/orb_kitti_GX010061/image_0/000233.png 0.999934554 0.006612866 -0.009337770 0.038319420 -0.006599588 0.999977171 0.001452007 0.113165557 0.009347158 -0.001390287 0.999955356 0.586391866
/home/altay/thesis/data/deepscenario_demo/orb_kitti_GX010061/image_0/000235.png 0.999941528 0.006172423 -0.008879325 0.038460858 -0.006156565 0.999979377 0.001812175 0.113741130 0.008890328 -0.001757403 0.999958932 0.589339554
/home/altay/thesis/data/deepscenario_demo/orb_kitti_GX010061/image_0/000237.png 0.999936163 0.006316681 -0.009368215 0.038645588 -0.006303751 0.999979138 0.001409149 0.114328258 0.009376920 -0.001350004 0.999955118 0.592129767
/home/altay/thesis/data/deepscenario_demo/orb_kitti_GX010061/image_0/000239.png 0.999936759 0.006482408 -0.009192527 0.038750395 -0.006465591 0.999977350 0.001858003 0.114810139 0.009204363 -0.001798450 0.999956012 0.594794750
/home/altay/thesis/data/deepscenario_demo/orb_kitti_GX010061/image_0/000243.png 0.999930620 0.006367359 -0.009907731 0.039083280 -0.006348432 0.999977946 0.001940596 0.115903772 0.009919870 -0.001877563 0.999949038 0.600335360
/home/altay/thesis/data/deepscenario_demo/orb_kitti_GX010061/image_0/000245.png 0.999929011 0.006525023 -0.009969795 0.039230090 -0.006507502 0.999977231 0.001788834 0.116434291 0.009981240 -0.001723829 0.999948680 0.602923512
/home/altay/thesis/data/deepscenario_demo/orb_kitti_GX010061/image_0/000249.png 0.999930203 0.006577103 -0.009813570 0.039496504 -0.006555251 0.999975979 0.002257247 0.117458485 0.009828180 -0.002192760 0.999949276 0.608274996
/home/altay/thesis/data/deepscenario_demo/orb_kitti_GX010061/image_0/000251.png 0.999927640 0.006714546 -0.009983439 0.039602656 -0.006693401 0.999975264 0.002149908 0.117968112 0.009997628 -0.002082930 0.999947846 0.610779524
/home/altay/thesis/data/deepscenario_demo/orb_kitti_GX010061/image_0/000255.png 0.999923825 0.006719058 -0.010352235 0.039930366 -0.006700394 0.999975860 0.001836517 0.118974745 0.010364326 -0.001767013 0.999944746 0.615795732
/home/altay/thesis/data/deepscenario_demo/orb_kitti_GX010061/image_0/000257.png 0.999921679 0.006499725 -0.010694968 0.040109657 -0.006481964 0.999977529 0.001694451 0.119426250 0.010705741 -0.001624994 0.999941349 0.618233144
/home/altay/thesis/data/deepscenario_demo/orb_kitti_GX010061/image_0/000260.png 0.999922633 0.006472207 -0.010622907 0.040304262 -0.006463577 0.999978781 0.000846486 0.120165072 0.010628160 -0.000777759 0.999943197 0.621880233
/home/altay/thesis/data/deepscenario_demo/orb_kitti_GX010061/image_0/000262.png 0.999921560 0.006449008 -0.010738476 0.040438607 -0.006443737 0.999979079 0.000525354 0.120591618 0.010741640 -0.000456117 0.999942183 0.624176204
/home/altay/thesis/data/deepscenario_demo/orb_kitti_GX010061/image_0/000268.png 0.999916852 0.007031636 -0.010810741 0.040831104 -0.007043889 0.999974608 -0.001095734 0.121921979 0.010802762 0.001171793 0.999940991 0.630813658
/home/altay/thesis/data/deepscenario_demo/orb_kitti_GX010061/image_0/000271.png 0.999923229 0.006670196 -0.010442023 0.040985081 -0.006687604 0.999976277 -0.001633104 0.122553103 0.010430883 0.001702811 0.999944150 0.634083152
/home/altay/thesis/data/deepscenario_demo/orb_kitti_GX010061/image_0/000275.png 0.999912798 0.006871254 -0.011276158 0.041255262 -0.006898051 0.999973476 -0.002339230 0.123368107 0.011259785 0.002416810 0.999933660 0.638182700
/home/altay/thesis/data/deepscenario_demo/orb_kitti_GX010061/image_0/000277.png 0.999918759 0.006722656 -0.010830964 0.041324358 -0.006752159 0.999973595 -0.002689744 0.123738080 0.010812595 0.002762658 0.999937713 0.640197814
/home/altay/thesis/data/deepscenario_demo/orb_kitti_GX010061/image_0/000279.png 0.999916792 0.006722189 -0.011011214 0.041456547 -0.006755845 0.999972641 -0.003022195 0.124130316 0.010990596 0.003096333 0.999934793 0.642240822
/home/altay/thesis/data/deepscenario_demo/orb_kitti_GX010061/image_0/000282.png 0.999918818 0.006603067 -0.010897458 0.041634426 -0.006638677 0.999972761 -0.003234800 0.124632522 0.010875801 0.003306882 0.999935389 0.645093858
/home/altay/thesis/data/deepscenario_demo/orb_kitti_GX010061/image_0/000290.png 0.999911845 0.007677537 -0.010833320 0.042040493 -0.007733335 0.999957025 -0.005118188 0.126019955 0.010793559 0.005201514 0.999928236 0.652268589
/home/altay/thesis/data/deepscenario_demo/orb_kitti_GX010061/image_0/000292.png 0.999904752 0.007926960 -0.011298096 0.042179540 -0.007992924 0.999951184 -0.005805369 0.126363218 0.011251526 0.005895121 0.999919295 0.653878093
/home/altay/thesis/data/deepscenario_demo/orb_kitti_GX010061/image_0/000295.png 0.999909103 0.007773822 -0.011014851 0.042285670 -0.007848249 0.999946535 -0.006729907 0.126835257 0.010961945 0.006815743 0.999916673 0.656347990
/home/altay/thesis/data/deepscenario_demo/orb_kitti_GX010061/image_0/000297.png 0.999908268 0.008187613 -0.010792013 0.042331889 -0.008269397 0.999937236 -0.007555457 0.127115786 0.010729476 0.007644007 0.999913216 0.657822371
/home/altay/thesis/data/deepscenario_demo/orb_kitti_GX010061/image_0/000308.png 0.999895036 0.010055376 -0.010428768 0.042741705 -0.010169352 0.999888480 -0.010934175 0.128566787 0.010317657 0.011039081 0.999885857 0.665365279
/home/altay/thesis/data/deepscenario_demo/orb_kitti_GX010061/image_0/000312.png 0.999892771 0.010205181 -0.010504964 0.042918410 -0.010335305 0.999869585 -0.012408057 0.129004046 0.010376967 0.012515299 0.999867857 0.667860925
/home/altay/thesis/data/deepscenario_demo/orb_kitti_GX010061/image_0/000319.png 0.999873519 0.011672339 -0.010804633 0.043124355 -0.011825110 0.999829471 -0.014185118 0.129817501 0.010637216 0.014311090 0.999841034 0.672098517
/home/altay/thesis/data/deepscenario_demo/orb_kitti_GX010061/image_0/000321.png 0.999870479 0.011399993 -0.011358507 0.043229390 -0.011556887 0.999837399 -0.013844415 0.130053386 0.011198834 0.013973891 0.999839664 0.673274279
/home/altay/thesis/data/deepscenario_demo/orb_kitti_GX010061/image_0/000323.png 0.999863863 0.012070775 -0.011250172 0.043257955 -0.012225730 0.999829948 -0.013808181 0.130277202 0.011081583 0.013943843 0.999841392 0.674457490
/home/altay/thesis/data/deepscenario_demo/orb_kitti_GX010061/image_0/000327.png 0.999850214 0.012340154 -0.012134485 0.043441031 -0.012506179 0.999827921 -0.013702751 0.130708367 0.011963302 0.013852455 0.999832451 0.676782072
/home/altay/thesis/data/deepscenario_demo/orb_kitti_GX010061/image_0/000330.png 0.999837875 0.012930689 -0.012533101 0.043528140 -0.013096242 0.999826849 -0.013218382 0.131041273 0.012360008 0.013380376 0.999834061 0.678584576
/home/altay/thesis/data/deepscenario_demo/orb_kitti_GX010061/image_0/000333.png 0.999836504 0.012946465 -0.012624666 0.043645341 -0.013112542 0.999827385 -0.013162122 0.131391123 0.012452085 0.013325511 0.999833703 0.680490553
/home/altay/thesis/data/deepscenario_demo/orb_kitti_GX010061/image_0/000335.png 0.999832571 0.012763834 -0.013110733 0.043737266 -0.012935027 0.999831080 -0.013056823 0.131628528 0.012941863 0.013224225 0.999828815 0.681766033
/home/altay/thesis/data/deepscenario_demo/orb_kitti_GX010061/image_0/000341.png 0.999818802 0.014393036 -0.012457027 0.043846615 -0.014567639 0.999795318 -0.014041038 0.132412598 0.012252385 0.014219963 0.999823809 0.685980558
/home/altay/thesis/data/deepscenario_demo/orb_kitti_GX010061/image_0/000343.png 0.999802649 0.014390643 -0.013695946 0.043984797 -0.014583752 0.999794126 -0.014105939 0.132674232 0.013490133 0.014302894 0.999806702 0.687480509
/home/altay/thesis/data/deepscenario_demo/orb_kitti_GX010061/image_0/000345.png 0.999798834 0.014866098 -0.013466331 0.044010367 -0.015056638 0.999786377 -0.014160256 0.132993639 0.013252947 0.014360164 0.999809027 0.689047575
/home/altay/thesis/data/deepscenario_demo/orb_kitti_GX010061/image_0/000349.png 0.999785662 0.015943270 -0.013205738 0.044113476 -0.016126823 0.999773145 -0.013911631 0.133647859 0.012980945 0.014121616 0.999816000 0.692429483
